[METADATA]
# Název: Studium kmitů struny
# Číslo úlohy: XXVI
# Experimentátor: Lukáš Hrdý
# Datum měření: 3. 3. 2026

[PODMINKY]
# Laboratorní podmínky 
# Teplota (C) | Tlak (hPa) | Vlhkost (%)
# Na začátku 22.4 1000.4 28.2
# Na konci 22.6 999.5 31.2 %

[PRISTROJE]
# Specifikace přístrojů a jejich chyb
# 1. Svinovací metr (rozsah 2 m, nejistota 0.001 m)
# 2. Mikrometr chyba 0,5 mikrometr
# 3. Siloměr (rozsah 100 N, nejistota 0.5 N)
# 4. Mikrofon + PC software Sound analyser
# 5. Trsátko, smyčec, gumový špunt, prsty (jako nástroje na brnkání)
# 6. Pražec, který zkracoval strunu

[PRISTROJE_A_CHYBY]
# u_F (N) | u_l (m) | u_f_B (Hz) | u_t (s) | u_d (mm)
0.5 0.001 0.25 0.1 0.0005

[TLOUSTKA_STRUNY]
# Měření mikrometrem v mm (3 hodnoty)
0.51 0.52 0.51

[UKOL_1]
# Závislost na síle (konstantní délka l = 1.2 m)
# Sloupce: F(N) | n (číslo harmonické) | f_měření1(Hz) | f_měření2(Hz) | f_měření3(Hz)
25 1 54.25 54.5 54.25
25 2 108.54 108.71 108.42
25 3 162.79 162.51 162.64
25 4 217.58 217.25 217.44
25 5 271.24 271.56 271.38
25 6 326.05 326.38 326.19
35 1 64.25 64.5 64.25
35 2 128.12 127.84 128.05
35 3 192.33 192.59 192.41
35 4 256.77 257.08 256.92
35 5 321.44 321.12 321.26
35 6 385.15 384.87 385.03
45 1 72.25 72.0 72.25
45 2 143.89 144.11 144.04
45 3 216.56 216.84 216.73
45 4 288.61 288.92 288.78
45 5 360.71 360.95 360.83
45 6 433.32 433.67 433.54
55 1 79.0 79.25 79.0
55 2 158.34 158.11 158.28
55 3 237.05 237.39 237.24
55 4 316.28 315.92 316.13
55 5 394.86 395.14 395.07
55 6 474.88 474.53 474.65
65 1 89.25 89.0 89.25
65 2 178.39 178.61 178.54
65 3 267.64 267.96 267.82
65 4 358.18 357.85 357.94
65 5 446.11 446.42 446.29
65 6 536.19 535.82 536.05
75 1 91.25 91.0 91.5
75 2 182.59 182.31 182.44
75 3 273.84 274.15 274.06
75 4 365.18 364.88 365.03
75 5 456.69 456.31 456.47
75 6 548.34 548.07 548.22

[UKOL_2]
# Závislost na délce 
# Sloupce: l(m) | n (harmonická) | f_1(Hz) | f_2(Hz) | f_3(Hz)
1.2 1 141.23 141.04 141.30
1.2 2 282.44 282.31 282.38
1.2 3 424.40 424.31 424.36
1.2 4 566.15 566.08 566.19
1.2 5 708.00 707.91 707.66
1.2 6 849.59 849.39 849.45
1.0 1 169.48 169.42 169.43
1.0 2 340.78 340.62 340.95
1.0 3 512.01 512.15 511.98
1.0 4 683.47 683.35 683.27
1.0 5 849.61 849.60 849.56
1.0 6 1022.36 1022.63 1022.54
0.8 1 212.43 212.63 212.47
0.8 2 425.34 425.27 425.11
0.8 3 640.20 640.28 640.22
0.8 4 850.58 850.59 850.41
0.8 5 1065.43 1065.63 1065.46
0.8 6 1278.48 1278.42 1278.16
0.6 1 284.82 285.09 284.92
0.6 2 565.32 565.44 565.67
0.6 3 848.24 848.46 848.34
0.6 4 1133.35 1133.29 1133.48
0.6 5 1421.93 1421.83 1422.11
0.6 6 1698.34 1698.31 1698.48
0.4 1 424.58 424.80 424.65
0.4 2 849.36 849.22 849.14
0.4 3 1273.84 1273.89 1273.63
0.4 4 1702.29 1702.39 1702.33
0.4 5 2135.81 2135.97 2135.87
0.4 6 2567.13 2567.41 2567.21

[UKOL_3]
# Studium rázů
# Sloupce: f1(Hz) | f2(Hz) | N_razu | cas(s)
170.5 171.5 3 2.10
170.5 173.25 6 2.00
170.5 174.8 10 2.07
170.5 177.0 9 1.48
170.5 179.0 12 1.45