        t / s      omega / (rad/s)
        0.204              0.15426
        0.553              0.21599
        0.817              0.26346
        1.040              0.30293
        1.237              0.33942
        1.414              0.37231
        1.577              0.39663
        1.732              0.41591
        1.878              0.44470
        2.014              0.47968
        2.143              0.49593
        2.268              0.51437
        2.386              0.54437
        2.499              0.56721
        2.609              0.57789
        2.716              0.59614
        2.820              0.61936
        2.920              0.63601
        3.018              0.63817
        3.113              0.68614
        3.204              0.69366
        3.297              0.66996
        3.384              0.76819
        3.467              0.74604
        3.552              0.73984
        3.635              0.76633
        3.716              0.80460
        3.794              0.79976
        3.874              0.77312
        3.951              0.86315
        4.025              0.83593
        4.099              0.86190
        4.171              0.89017
        4.241              0.88769
        4.313              0.87230
        4.382              0.92918
        4.451              0.90342
        4.519              0.93953
        4.583              1.03352
        4.647              0.94297
        4.715              0.91074
        4.781              0.97788
        4.844              1.00901
        4.907              1.00070
        4.969              1.02841
        5.030              1.03755
        5.090              1.06223
        5.149              1.06628
        5.208              1.05077
        5.267              1.07313
        5.325              1.10150
        5.382              1.10756
        5.439              1.09349
        5.496              1.10750
        5.552              1.15184
        5.606              1.14816
        5.661              1.15580
        5.716              1.14167
        5.769              1.19842
        5.821              1.24068
        5.874              1.14600
        5.926              1.23454
        5.977              1.25850
        6.027              1.23846
        6.077              1.30332
        6.126              1.26836
        6.175              1.24845
        6.225              1.28504
        6.274              1.27144
        6.323              1.33494
        6.370              1.29342
        6.419              1.30565
        6.467              1.30278
        6.514              1.34245
        6.561              1.34388
        6.607              1.37635
        6.654              1.34653
        6.700              1.37238
        6.745              1.38775
        6.790              1.40256
        6.836              1.36656
        6.881              1.43905
        6.926              1.34968
        6.970              1.46437
        7.014              1.40403
        7.059              1.42829
        7.102              1.44375
        7.145              1.52664
        7.188              1.40425
        7.232              1.44544
        7.275              1.45068
        7.318              1.44911
        7.362              1.44471
        7.405              1.47251
        7.447              1.48164
        7.489              1.51548
        7.531              1.50575
        7.573              1.50050
        7.615              1.46117
        7.658              1.49418
        7.700              1.50355
        7.741              1.51016
        7.783              1.52490
        7.824              1.53301
        7.865              1.54877
        7.905              1.56135
        7.945              1.54846
        7.986              1.52405
        8.027              1.54208
        8.068              1.58582
        8.107              1.56950
        8.147              1.56551
        8.187              1.59557
        8.226              1.60831
        8.266              1.58919
        8.305              1.59161
        8.344              1.61008
        8.383              1.61207
        8.423              1.57774
        8.462              1.66588
        8.500              1.64792
        8.539              1.56050
        8.577              1.75636
        8.613              1.67583
        8.651              1.63522
        8.689              1.66416
        8.727              1.72156
        8.763              1.68586
        8.802              1.60732
        8.839              1.76837
        8.875              1.69271
        8.912              1.72260
        8.948              1.75744
        8.984              1.73368
        9.021              1.68364
        9.057              1.77481
        9.093              1.70521
        9.130              1.75616
        9.164              1.91327
        9.199              1.72810
        9.236              1.65238
        9.273              1.76005
        9.308              1.79787
        9.343              1.77061
        9.378              1.80681
        9.413              1.80427
        9.448              1.83451
        9.482              1.82927
        9.517              1.78804
        9.552              1.81569
        9.586              1.84800
        9.620              1.84279
        9.654              1.80837
        9.689              1.82053
        9.723              1.87917
        9.757              1.86235
        9.790              1.86589
        9.824              1.83135
        9.858              1.90880
        9.890              1.96442
        9.924              1.80640
        9.957              1.93424
        9.990              1.96007
       10.022              1.90920
       10.054              2.02194
       10.086              1.94906
       10.118              1.91403
       10.151              1.96086
       10.183              1.92943
       10.215              2.02025
       10.247              1.94755
       10.279              1.96104
       10.311              1.94664
       10.343              2.00006
       10.374              1.99542
       10.405              2.03636
       10.437              1.98797
       10.468              2.01831
       10.499              2.03458
       10.530              2.04878
       10.561              1.99213
       10.592              2.08799
       10.623              1.95276
       10.654              2.11455
       10.684              2.02181
       10.715              2.05534
       10.745              2.07222
       10.775              2.19232
       10.805              2.01365
       10.836              2.07140
       10.866              2.07819
       10.896              2.07229
       10.927              2.06141
       10.957              2.09803
       10.987              2.10831
       11.016              2.15672
       11.045              2.13127
       11.075              2.12141
       11.105              2.06114
       11.135              2.10436
       11.165              2.11477
       11.195              2.11690
       11.224              2.13590
       11.254              2.14158
       11.283              2.16014
       11.312              2.17479
       11.341              2.15067
       11.370              2.11420
       11.400              2.13481
       11.429              2.19163
       11.458              2.16535
       11.487              2.15502
       11.516              2.19308
       11.544              2.20439
       11.573              2.17622
       11.602              2.17607
       11.631              2.19577
       11.659              2.19623
       11.688              2.14524
       11.717              2.25803
       11.745              2.22958
       11.774              2.10577
       11.802              2.36673
       11.829              2.25438
       11.857              2.19784
       11.886              2.22745
       11.914              2.30314
       11.941              2.25131
       11.970              2.14158
       11.998              2.35237
       12.025              2.24729
       12.053              2.28131
       12.080              2.32693
       12.107              2.28962
       12.135              2.21974
       12.163              2.33680
       12.190              2.24199
       12.218              2.30652
       12.244              2.50556
       12.271              2.26217
       12.299              2.16043
       12.327              2.29372
       12.354              2.34412
       12.381              2.29968
       12.408              2.34447
       12.435              2.33749
       12.462              2.37550
       12.488              2.35846
       12.515              2.30753
       12.542              2.33602
       12.569              2.37379
       12.596              2.36512
       12.623              2.31758
       12.650              2.32771
       12.676              2.40027
       12.702              2.37810
       12.729              2.37433
       12.756              2.32944
       12.782              2.41903
       12.808              2.47662
       12.834              2.30170
       12.861              2.43497
       12.886              2.49580
       12.912              2.42015
       12.937              2.54762
       12.962              2.45514
       12.988              2.40422
       13.014              2.46148
       13.040              2.42052
       13.065              2.52916
       13.090              2.43374
       13.116              2.45197
       13.142              2.42735
       13.167              2.49343
       13.193              2.48122
       13.218              2.53313
       13.243              2.46690
       13.268              2.50426
       13.293              2.52043
       13.318              2.53887
       13.343              2.46081
       13.368              2.58089
       13.393              2.40901
       13.418              2.60605
       13.443              2.49155
       13.468              2.52712
       13.493              2.54751
       13.517              2.69122
       13.541              2.46922
       13.566              2.53897
       13.591              2.54205
       13.616              2.53712
       13.641              2.52003
       13.665              2.56310
       13.690              2.57423
       13.714              2.63137
       13.738              2.59829
       13.762              2.58514
       13.787              2.50996
       13.812              2.56028
