        t / s      omega / (rad/s)
        0.264              0.11895
        0.685              0.20024
        0.968              0.24853
        1.201              0.29501
        1.405              0.32444
        1.588              0.36316
        1.754              0.39445
        1.908              0.42369
        2.054              0.43524
        2.192              0.47916
        2.325              0.46802
        2.451              0.52800
        2.571              0.52393
        2.688              0.55047
        2.800              0.57298
        2.905              0.62295
        3.009              0.58813
        3.113              0.62056
        3.213              0.63723
        3.310              0.64875
        3.407              0.65802
        3.500              0.68202
        3.592              0.69747
        3.680              0.72541
        3.766              0.72772
        3.852              0.73583
        3.938              0.72656
        4.023              0.75333
        4.106              0.76846
        4.187              0.78115
        4.266              0.79823
        4.344              0.81156
        4.421              0.82888
        4.496              0.84492
        4.570              0.84684
        4.645              0.84143
        4.719              0.86000
        4.790              0.89318
        4.861              0.89190
        4.931              0.89739
        5.000              0.92320
        5.068              0.93744
        5.135              0.93315
        5.202              0.94257
        5.268              0.96132
        5.333              0.96960
        5.398              0.95712
        5.462              1.01533
        5.524              1.01250
        5.587              0.96563
        5.649              1.09408
        5.707              1.05107
        5.768              1.03093
        5.828              1.05602
        5.886              1.09794
        5.944              1.07999
        6.003              1.03478
        6.061              1.14306
        6.117              1.09806
        6.174              1.12164
        6.229              1.15016
        6.284              1.13743
        6.340              1.10953
        6.395              1.17491
        6.450              1.13413
        6.504              1.17189
        6.555              1.28336
        6.607              1.16474
        6.662              1.11956
        6.716              1.19757
        6.768              1.23053
        6.819              1.21572
        6.870              1.24627
        6.921              1.25230
        6.970              1.27782
        7.020              1.27847
        7.069              1.25636
        7.119              1.28040
        7.167              1.30706
        7.215              1.31094
        7.264              1.28978
        7.312              1.30335
        7.359              1.34995
        7.406              1.34161
        7.453              1.34844
        7.500              1.32758
        7.546              1.38424
        7.591              1.43060
        7.637              1.31941
        7.683              1.41399
        7.727              1.44140
        7.771              1.41002
        7.814              1.48139
        7.857              1.43390
        7.901              1.41357
        7.945              1.45031
        7.989              1.43089
        8.032              1.49910
        8.074              1.44981
        8.118              1.45839
        8.161              1.45148
        8.203              1.49344
        8.246              1.49127
        8.287              1.52401
        8.329              1.48827
        8.371              1.51544
        8.412              1.53032
        8.453              1.54408
        8.494              1.50028
        8.535              1.57525
        8.576              1.47361
        8.617              1.59650
        8.658              1.52902
        8.698              1.55386
        8.739              1.56927
        8.778              1.66011
        8.817              1.52638
        8.858              1.57402
        8.897              1.58008
        8.937              1.57714
        8.977              1.57166
        9.017              1.60102
        9.056              1.61165
        9.094              1.64909
        9.133              1.63246
        9.171              1.62600
        9.210              1.58235
        9.250              1.61692
        9.289              1.62646
        9.327              1.63153
        9.365              1.64615
        9.403              1.65408
        9.441              1.66946
        9.479              1.68274
        9.516              1.66689
        9.554              1.63894
        9.592              1.65687
        9.630              1.70276
        9.667              1.68477
        9.704              1.67713
        9.741              1.71176
        9.778              1.72416
        9.815              1.70244
        9.852              1.70415
        9.888              1.72265
        9.925              1.72473
        9.962              1.68817
        9.998              1.77883
       10.033              1.75611
       10.070              1.66327
       10.106              1.87167
       10.140              1.78489
       10.176              1.74045
       10.212              1.77086
       10.246              1.83151
       10.281              1.79120
       10.317              1.70757
       10.352              1.87591
       10.387              1.79674
       10.421              1.82587
       10.455              1.86295
       10.489              1.83687
       10.524              1.78246
       10.558              1.87776
       10.592              1.80608
       10.627              1.85783
       10.659              2.02285
       10.692              1.82879
       10.727              1.74790
       10.762              1.85910
       10.795              1.90198
       10.829              1.86877
       10.862              1.90654
       10.895              1.90527
       10.928              1.93495
       10.960              1.92759
       10.993              1.88656
       11.026              1.91333
       11.059              1.94568
       11.091              1.94153
       11.124              1.90376
       11.157              1.91356
       11.189              1.97709
       11.221              1.95799
       11.253              1.96086
       11.285              1.92500
       11.317              2.00229
       11.348              2.05474
       11.380              1.88086
       11.412              2.03861
       11.443              2.05313
       11.474              2.01701
       11.504              2.11334
       11.535              2.03947
       11.566              2.00427
       11.597              2.04557
       11.628              2.01681
       11.658              2.10767
       11.689              2.02991
       11.719              2.04624
       11.750              2.02527
       11.781              2.08115
       11.811              2.07373
       11.841              2.11491
       11.871              2.06134
       11.902              2.09209
       11.931              2.10640
       11.961              2.12098
       11.991              2.05878
       12.021              2.15880
       12.051              2.01662
       12.081              2.18166
       12.111              2.08647
       12.141              2.11776
       12.170              2.13576
       12.199              2.25632
       12.228              2.07154
       12.258              2.13083
       12.287              2.13496
       12.317              2.13018
       12.346              2.11883
       12.376              2.15406
       12.405              2.16564
       12.433              2.21340
       12.462              2.18850
       12.491              2.17713
       12.520              2.11648
       12.549              2.15806
       12.578              2.16878
       12.607              2.17268
       12.636              2.18881
       12.665              2.19653
       12.693              2.21293
       12.722              2.22808
       12.750              2.20215
       12.779              2.16677
       12.808              2.18682
       12.836              2.24488
       12.864              2.21856
       12.893              2.20656
       12.921              2.24873
       12.949              2.25916
       12.977              2.22800
       13.005              2.22800
       13.033              2.24825
       13.061              2.24873
       13.089              2.19707
       13.117              2.31212
       13.144              2.28264
       13.173              2.15695
       13.200              2.42341
       13.227              2.30779
       13.254              2.24753
       13.282              2.28214
       13.309              2.35714
       13.336              2.30229
       13.364              2.19140
       13.392              2.40505
       13.418              2.29775
       13.445              2.33454
       13.472              2.37756
       13.499              2.34150
       13.526              2.26904
       13.553              2.38759
       13.580              2.29021
       13.607              2.35369
       13.633              2.55872
       13.659              2.31033
       13.686              2.20517
       13.714              2.34133
       13.741              2.39451
       13.767              2.34701
       13.794              2.39195
       13.820              2.38877
       13.846              2.42369
       13.872              2.40975
       13.898              2.35723
       13.925              2.38687
       13.951              2.42519
       13.977              2.41438
       14.003              2.36201
       14.030              2.38406
       14.056              2.44930
       14.081              2.43365
       14.107              2.42229
       14.133              2.38288
       14.159              2.47730
       14.184              2.55238
       14.210              2.33636
       14.236              2.50057
       14.261              2.53467
       14.286              2.48161
       14.311              2.59090
       14.336              2.51016
       14.361              2.45399
       14.386              2.51267
       14.411              2.46932
       14.436              2.58164
       14.461              2.48573
       14.486              2.49978
