        t / s      omega / (rad/s)
        0.321              0.09794
        0.821              0.17527
        1.142              0.22194
        1.403              0.26298
        1.630              0.29111
        1.837              0.31636
        2.031              0.33116
        2.213              0.36124
        2.382              0.38490
        2.541              0.40557
        2.692              0.42700
        2.836              0.44530
        2.974              0.46664
        3.106              0.48551
        3.234              0.49501
        3.361              0.49886
        3.484              0.51640
        3.603              0.54328
        3.718              0.54873
        3.831              0.55983
        3.941              0.58346
        4.048              0.59988
        4.152              0.60437
        4.255              0.61667
        4.355              0.63537
        4.453              0.64835
        4.550              0.64723
        4.644              0.69318
        4.735              0.69673
        4.826              0.67103
        4.914              0.76662
        4.997              0.74302
        5.082              0.73544
        5.167              0.75901
        5.247              0.79560
        5.327              0.78819
        5.408              0.76057
        5.486              0.84666
        5.562              0.81895
        5.637              0.84305
        5.711              0.86955
        5.783              0.86669
        5.856              0.84965
        5.928              0.90472
        5.999              0.87818
        6.069              0.91337
        6.135              1.00322
        6.200              0.91457
        6.270              0.88157
        6.339              0.94613
        6.404              0.97641
        6.469              0.96781
        6.533              0.99424
        6.596              1.00226
        6.658              1.02524
        6.719              1.02809
        6.781              1.01397
        6.842              1.03575
        6.902              1.06018
        6.961              1.06484
        7.021              1.05017
        7.080              1.06309
        7.138              1.10444
        7.195              1.09992
        7.252              1.10752
        7.309              1.09351
        7.365              1.14317
        7.419              1.17702
        7.475              1.08890
        7.531              1.17254
        7.584              1.19721
        7.637              1.17599
        7.689              1.23714
        7.740              1.20291
        7.793              1.18537
        7.845              1.21956
        7.897              1.20624
        7.948              1.26649
        7.998              1.22384
        8.049              1.23498
        8.100              1.22812
        8.151              1.26458
        8.201              1.26275
        8.250              1.29145
        8.299              1.26141
        8.348              1.28443
        8.397              1.29515
        8.445              1.30788
        8.494              1.27200
        8.542              1.33648
        8.591              1.25118
        8.639              1.35571
        8.687              1.29874
        8.735              1.32094
        8.782              1.33483
        8.828              1.41316
        8.874              1.29990
        8.922              1.33910
        8.968              1.34477
        9.015              1.34322
        9.062              1.33784
        9.109              1.36268
        9.155              1.37143
        9.200              1.40438
        9.245              1.39055
        9.290              1.38585
        9.336              1.34832
        9.382              1.37847
        9.428              1.38784
        9.473              1.39258
        9.518              1.40491
        9.562              1.41246
        9.607              1.42670
        9.650              1.43852
        9.694              1.42447
        9.739              1.40372
        9.783              1.42019
        9.827              1.46087
        9.870              1.44604
        9.914              1.44202
        9.957              1.47096
        9.999              1.48143
       10.042              1.46345
       10.085              1.46683
       10.127              1.48381
       10.170              1.48588
       10.213              1.45538
       10.255              1.53361
       10.296              1.51768
       10.338              1.43734
       10.380              1.61817
       10.419              1.54450
       10.461              1.50723
       10.502              1.53469
       10.542              1.58783
       10.582              1.55436
       10.624              1.48192
       10.664              1.63102
       10.703              1.56182
       10.743              1.58935
       10.782              1.62419
       10.821              1.60081
       10.861              1.55517
       10.900              1.64108
       10.940              1.57778
       10.979              1.62432
       11.016              1.77151
       11.053              1.60081
       11.093              1.53151
       11.133              1.63039
       11.171              1.66871
       11.209              1.64155
       11.247              1.67369
       11.285              1.67449
       11.322              1.70175
       11.359              1.69477
       11.396              1.65989
       11.434              1.68342
       11.471              1.71325
       11.508              1.70976
       11.545              1.67485
       11.582              1.69016
       11.619              1.74824
       11.655              1.73062
       11.691              1.73176
       11.728              1.70018
       11.764              1.77792
       11.799              1.82810
       11.835              1.67811
       11.871              1.79797
       11.905              1.82842
       11.940              1.78662
       11.975              1.87329
       12.009              1.81359
       12.044              1.77954
       12.079              1.82174
       12.113              1.79509
       12.148              1.87900
       12.182              1.81406
       12.216              1.82364
       12.251              1.81218
       12.285              1.86312
       12.319              1.85684
       12.352              1.89504
       12.386              1.84876
       12.419              1.87793
       12.453              1.89053
       12.486              1.90359
       12.519              1.84729
       12.553              1.93686
       12.586              1.80988
       12.620              1.95799
       12.652              1.87161
       12.686              1.89951
       12.719              1.91707
       12.751              2.02585
       12.783              1.85959
       12.816              1.91286
       12.849              1.91789
       12.882              1.91351
       12.915              1.90451
       12.948              1.93734
       12.980              1.94658
       13.012              1.99270
       13.044              1.96916
       13.075              1.95976
       13.108              1.90250
       13.141              1.94195
       13.173              1.95209
       13.205              1.95848
       13.237              1.97064
       13.269              1.97815
       13.301              1.99644
       13.332              2.00670
       13.363              1.98766
       13.395              1.95263
       13.427              1.96971
       13.459              2.02474
       13.490              1.99885
       13.522              1.98917
       13.553              2.02762
       13.584              2.03748
       13.615              2.00946
       13.646              2.00972
       13.677              2.02893
       13.708              2.02723
       13.739              1.98333
       13.770              2.08425
       13.801              2.06013
       13.832              1.94616
       13.863              2.18705
       13.892              2.08287
       13.923              2.02867
       13.953              2.06189
       13.983              2.13011
       14.013              2.08059
       14.044              1.98176
       14.074              2.17494
       14.104              2.07991
       14.134              2.10944
       14.163              2.15318
       14.193              2.11812
       14.223              2.05380
       14.253              2.16304
       14.283              2.07400
       14.312              2.13344
       14.341              2.32083
       14.369              2.09384
       14.400              2.00044
       14.430              2.12428
       14.460              2.17118
       14.489              2.13047
       14.518              2.17096
       14.547              2.16721
       14.576              2.20030
       14.605              2.18212
       14.634              2.14202
       14.663              2.16371
       14.692              2.20401
       14.720              2.19171
       14.749              2.15178
       14.778              2.15910
       14.807              2.22721
       14.835              2.20424
       14.864              2.20046
       14.893              2.15969
       14.921              2.24672
       14.949              2.31144
       14.977              2.11690
       15.006              2.26854
       15.033              2.29464
       15.061              2.24616
       15.088              2.34640
       15.116              2.27355
       15.144              2.22225
       15.171              2.27652
       15.199              2.23864
       15.227              2.34002
       15.254              2.25697
       15.282              2.26674
       15.310              2.25067
       15.337              2.30864
       15.365              2.30136
       15.392              2.34456
       15.419              2.28637
       15.446              2.32032
       15.473              2.33541
       15.500              2.35123
       15.527              2.27974
       15.554              2.39068
       15.581              2.23243
       15.608              2.41234
       15.635              2.30584
       15.662              2.33871
       15.689              2.35546
       15.715              2.48770
       15.741              2.28164
       15.768              2.34517
       15.795              2.34859
       15.822              2.34237
